,City,Max Temp,Lat,Lng,Humidity,Cloudiness,Wind Speed,Country,Date
0,Tiznit Province,289.98,29.58,-9.5,77,100,1.5,MA,1603401107
1,Cabo San Lucas,307.15,22.89,-109.91,59,5,5.1,MX,1603401063
2,Antofagasta,288.15,-23.65,-70.4,82,75,6.7,CL,1603401095
3,Tagāb,281.15,34.85,69.65,33,1,2.6,AF,1603401107
4,Mataura,288.71,-46.19,168.86,61,92,3.13,NZ,1603401107
5,Kuršėnai,285.37,55.98,22.92,81,20,5.7,LT,1603401108
6,Jamestown,294.15,42.1,-79.24,77,75,1.5,US,1603401108
7,Qaanaaq,265.48,77.48,-69.36,94,100,0.7,GL,1603401108
8,Qaanaaq,265.48,77.48,-69.36,94,100,0.7,GL,1603401108
9,Saskylakh,257.42,71.92,114.08,93,93,5.21,RU,1603400972
10,Airai,289.03,-8.93,125.41,100,62,0.54,TL,1603401108
11,Punta Arenas,285.15,-53.15,-70.92,50,0,6.7,CL,1603400814
12,Rikitea,296.71,-23.12,-134.97,79,100,6.46,PF,1603401108
13,Puerto Ayora,300.15,-0.74,-90.35,69,20,11.3,EC,1603401108
14,Pevek,271.65,69.7,170.31,96,0,8.01,RU,1603401106
15,Busselton,283.15,-33.65,115.33,66,0,4.57,AU,1603400865
16,Tuatapere,288.71,-46.13,167.68,61,100,3.13,NZ,1603401109
17,Bluff,288.71,-46.6,168.33,61,100,3.13,NZ,1603401109
18,Provideniya,276.15,64.38,-173.3,69,40,7.0,RU,1603401109
19,Karpathos,293.15,35.51,27.21,72,37,1.5,GR,1603401110
20,Yellowknife,269.82,62.46,-114.35,73,75,4.1,CA,1603401110
21,Ures,309.82,29.43,-110.4,33,0,2.24,MX,1603401110
22,Noumea,299.82,-22.28,166.46,73,0,1.0,NC,1603401111
23,Sibolga,297.8,1.74,98.78,76,100,1.2,ID,1603401111
24,Ushuaia,282.15,-54.8,-68.3,57,40,10.3,AR,1603400964
25,Milledgeville,300.93,33.08,-83.23,65,90,2.48,US,1603400939
26,Avarua,298.15,-21.21,-159.78,83,99,6.2,CK,1603401111
27,Lumberton,301.15,34.62,-79.01,57,40,2.1,US,1603401111
28,Busselton,283.15,-33.65,115.33,66,0,4.57,AU,1603400865
29,Qaanaaq,265.48,77.48,-69.36,94,100,0.7,GL,1603401108
30,Khatanga,256.89,71.97,102.5,91,31,3.59,RU,1603400976
31,Wum,291.57,6.38,10.07,92,83,1.25,CM,1603401112
32,Ilulissat,269.15,69.22,-51.1,73,88,7.7,GL,1603401100
33,Rikitea,296.71,-23.12,-134.97,79,100,6.46,PF,1603401108
34,Saint George,300.93,37.1,-113.58,14,1,4.45,US,1603401112
35,Ushuaia,282.15,-54.8,-68.3,57,40,10.3,AR,1603400964
36,Constitución,288.14,-35.33,-72.42,65,5,6.52,CL,1603401112
37,Challans,286.15,46.84,-1.87,100,18,1.0,FR,1603401113
38,Albany,293.71,42.6,-73.97,70,59,1.06,US,1603401008
39,Guarujá,298.15,-23.99,-46.26,26,5,9.16,BR,1603401113
40,Mataura,288.71,-46.19,168.86,61,92,3.13,NZ,1603401107
41,Albany,293.71,42.6,-73.97,70,59,1.06,US,1603401008
42,Beringovskiy,276.86,63.05,179.32,85,29,6.46,RU,1603401113
43,Olafsvik,278.67,64.89,-23.71,69,100,13.05,IS,1603401086
44,Waterloo,284.26,43.47,-80.52,87,90,5.1,CA,1603401109
45,Meulaboh,298.12,4.14,96.13,85,100,2.06,ID,1603400832
46,Cape Town,290.93,-33.93,18.42,93,0,7.2,ZA,1603400782
47,Borogontsy,259.44,62.67,131.17,95,9,0.99,RU,1603401114
48,Kenai,277.04,60.55,-151.26,55,1,7.2,US,1603401028
49,Port Elizabeth,293.15,-33.92,25.57,94,4,5.1,ZA,1603401114
50,Kamaishi,289.22,39.27,141.88,85,100,2.45,JP,1603401114
51,Bonavista,286.48,48.65,-53.11,82,82,8.49,CA,1603401114
52,New Norfolk,285.37,-42.78,147.06,88,31,1.29,AU,1603401114
53,Saint George,300.93,37.1,-113.58,14,1,4.45,US,1603401112
54,Itacarambi,299.43,-15.1,-44.09,59,94,0.96,BR,1603401114
55,Jamestown,294.15,42.1,-79.24,77,75,1.5,US,1603401108
56,Broken Hill,293.15,-31.95,141.43,56,97,3.1,AU,1603400824
57,Sinazongwe,300.48,-17.26,27.46,46,6,3.4,ZM,1603401115
58,Tasiilaq,276.15,65.61,-37.64,51,100,14.4,GL,1603401115
59,Punta Arenas,285.15,-53.15,-70.92,50,0,6.7,CL,1603400814
60,Indramayu,300.82,-6.33,108.32,76,93,2.8,ID,1603401115
61,Bandrele,298.15,-12.91,45.19,88,0,0.5,YT,1603401115
62,Kewanee,299.82,41.25,-89.92,70,75,2.24,US,1603400971
63,Ushuaia,282.15,-54.8,-68.3,57,40,10.3,AR,1603400964
64,Rikitea,296.71,-23.12,-134.97,79,100,6.46,PF,1603401108
65,Yellowknife,269.82,62.46,-114.35,73,75,4.1,CA,1603401110
66,Nikolskoye,282.59,59.7,30.79,93,90,3.0,RU,1603401116
67,Albany,293.71,42.6,-73.97,70,59,1.06,US,1603401008
68,Provideniya,276.15,64.38,-173.3,69,40,7.0,RU,1603401109
69,Weligama,298.66,5.97,80.42,87,64,3.95,LK,1603401116
70,Hermanus,290.37,-34.42,19.23,87,22,2.24,ZA,1603401117
71,Puerto Ayora,300.15,-0.74,-90.35,69,20,11.3,EC,1603401108
72,Bethel,295.15,41.37,-73.41,73,1,4.1,US,1603400939
73,Ushuaia,282.15,-54.8,-68.3,57,40,10.3,AR,1603400964
74,Saint-Philippe,295.15,-21.36,55.77,68,0,3.1,RE,1603400965
75,Atuona,298.71,-9.8,-139.03,72,25,7.54,PF,1603401117
76,Turan,296.15,16.07,108.22,78,75,5.66,VN,1603401118
77,Cabra,288.71,37.47,-4.44,82,40,2.45,ES,1603401118
78,Harper,298.65,4.38,-7.72,87,94,2.63,LR,1603400827
79,Olinda,300.15,-8.01,-34.86,78,75,4.6,BR,1603401035
80,Leirvik,282.59,59.78,5.5,99,93,0.45,NO,1603401118
81,Gigmoto,300.17,13.78,124.39,83,100,2.58,PH,1603401118
82,Kaitangata,287.48,-46.28,169.85,58,96,1.99,NZ,1603401118
83,Qaanaaq,265.48,77.48,-69.36,94,100,0.7,GL,1603401108
84,Bambous Virieux,295.15,-20.34,57.76,94,75,1.0,MU,1603401119
85,Nuevo Progreso,305.37,23.17,-97.95,51,0,2.24,MX,1603401119
86,Granada,287.59,37.25,-3.25,91,100,0.45,ES,1603400857
87,Kruisfontein,289.82,-34.0,24.73,88,0,0.45,ZA,1603401119
88,Leningradskiy,271.62,69.38,178.42,92,0,2.84,RU,1603401119
89,Chui,288.88,-33.7,-53.46,85,100,6.62,UY,1603401119
90,Punta Arenas,285.15,-53.15,-70.92,50,0,6.7,CL,1603400814
91,Grindavik,279.15,63.84,-22.43,75,90,12.3,IS,1603401119
92,Kiunga,296.14,-6.12,141.29,94,73,0.52,PG,1603401120
93,Bredasdorp,291.15,-34.53,20.04,88,68,2.1,ZA,1603400969
94,Banda Aceh,300.81,5.56,95.32,70,100,4.06,ID,1603401120
95,Garoowe,300.0,8.41,48.48,68,64,5.36,SO,1603401120
96,Yenagoa,298.07,4.92,6.26,94,77,1.72,NG,1603401120
97,Buala,301.18,-8.14,159.59,70,78,1.57,SB,1603400980
98,Hobart,285.37,-42.88,147.33,76,40,2.6,AU,1603401103
99,Atuona,298.71,-9.8,-139.03,72,25,7.54,PF,1603401117
100,Nioro,301.15,13.35,-15.75,55,1,1.66,GM,1603401120
101,Chul'man,256.41,56.85,124.91,92,46,0.43,RU,1603401121
102,Bethel,295.15,41.37,-73.41,73,1,4.1,US,1603400939
103,Cape Town,290.93,-33.93,18.42,93,0,7.2,ZA,1603400782
104,Salalah,299.15,17.02,54.09,65,0,2.6,OM,1603400996
105,Punta Arenas,285.15,-53.15,-70.92,50,0,6.7,CL,1603400814
106,Khatanga,256.89,71.97,102.5,91,31,3.59,RU,1603400976
107,Cairns,296.48,-16.92,145.77,88,40,0.5,AU,1603400965
108,Bluff,288.71,-46.6,168.33,61,100,3.13,NZ,1603401109
109,Vaini,298.15,-21.2,-175.2,73,40,3.6,TO,1603401121
110,Rikitea,296.71,-23.12,-134.97,79,100,6.46,PF,1603401108
111,Bubaque,301.74,11.28,-15.83,79,0,4.27,GW,1603400835
112,Henties Bay,289.82,-22.12,14.28,86,0,0.45,NA,1603401122
113,Jamestown,294.15,42.1,-79.24,77,75,1.5,US,1603401108
114,Busselton,283.15,-33.65,115.33,66,0,4.57,AU,1603400865
115,Puerto Ayora,300.15,-0.74,-90.35,69,20,11.3,EC,1603401108
116,Chaumont,287.04,48.12,5.13,93,100,0.89,FR,1603401122
117,Laela,292.85,-8.57,32.05,56,8,1.6,TZ,1603400949
118,Aklavik,267.15,68.22,-135.01,85,90,2.6,CA,1603401122
119,Velyka Mykhaylivka,287.06,47.08,29.85,39,0,1.1,UA,1603401122
120,Jiexiu,279.5,37.02,111.91,52,0,0.8,CN,1603401122
121,Hermanus,290.37,-34.42,19.23,87,22,2.24,ZA,1603401117
122,Tuatapere,288.71,-46.13,167.68,61,100,3.13,NZ,1603401109
123,Bredasdorp,291.15,-34.53,20.04,88,68,2.1,ZA,1603400969
124,Husavik,277.15,66.04,-17.34,69,75,3.1,IS,1603401123
125,Khatanga,256.89,71.97,102.5,91,31,3.59,RU,1603400976
126,Najrān,293.15,17.49,44.13,19,0,0.95,SA,1603401123
127,Mataura,288.71,-46.19,168.86,61,92,3.13,NZ,1603401107
128,Hobart,285.37,-42.88,147.33,76,40,2.6,AU,1603401103
129,Cape Town,290.93,-33.93,18.42,93,0,7.2,ZA,1603400782
130,Tsumeb,298.17,-19.23,17.72,18,67,4.8,NA,1603401124
131,Tubualá,303.15,9.52,-79.03,70,40,3.1,PA,1603401124
132,Atuona,298.71,-9.8,-139.03,72,25,7.54,PF,1603401117
133,Cervo,287.04,43.67,-7.41,85,4,0.89,ES,1603401124
134,Ushuaia,282.15,-54.8,-68.3,57,40,10.3,AR,1603400964
135,Bredasdorp,291.15,-34.53,20.04,88,68,2.1,ZA,1603400969
136,Torbay,286.48,47.67,-52.73,71,75,12.3,CA,1603401124
137,Shangzhi,271.61,45.22,127.97,85,0,1.87,CN,1603401124
138,New Norfolk,285.37,-42.78,147.06,88,31,1.29,AU,1603401114
139,Carnarvon,292.15,-24.87,113.63,88,0,6.7,AU,1603401066
140,College,269.82,64.86,-147.8,78,20,2.1,US,1603400829
141,Rikitea,296.71,-23.12,-134.97,79,100,6.46,PF,1603401108
142,Kapaa,301.48,22.08,-159.32,69,40,5.1,US,1603401125
143,Langxiang,269.53,46.95,128.88,88,0,1.22,CN,1603401125
144,Rikitea,296.71,-23.12,-134.97,79,100,6.46,PF,1603401108
145,Mehamn,275.15,71.04,27.85,69,0,4.6,NO,1603401125
146,Mount Gambier,285.15,-37.83,140.77,93,90,2.6,AU,1603401126
147,Ushuaia,282.15,-54.8,-68.3,57,40,10.3,AR,1603400964
148,Doba,297.27,8.65,16.85,75,83,1.73,TD,1603401126
149,Cape Town,290.93,-33.93,18.42,93,0,7.2,ZA,1603400782
150,Mataura,288.71,-46.19,168.86,61,92,3.13,NZ,1603401107
151,Lavrentiya,275.61,65.58,-171.0,84,0,3.33,RU,1603400994
152,Touros,300.15,-5.2,-35.46,78,40,4.6,BR,1603400853
153,Flinders,290.93,-34.58,150.86,92,8,1.79,AU,1603401126
154,Mataura,288.71,-46.19,168.86,61,92,3.13,NZ,1603401107
155,Rikitea,296.71,-23.12,-134.97,79,100,6.46,PF,1603401108
156,Leningradskiy,271.62,69.38,178.42,92,0,2.84,RU,1603401119
157,Ushuaia,282.15,-54.8,-68.3,57,40,10.3,AR,1603400964
158,Nānākuli,300.93,21.39,-158.15,88,90,4.1,US,1603401127
159,Thompson,272.15,55.74,-97.86,54,90,5.7,CA,1603401127
160,Butaritari,300.73,3.07,172.79,79,39,6.28,KI,1603401127
161,Tuktoyaktuk,268.15,69.45,-133.04,92,90,8.2,CA,1603401127
162,Qaanaaq,265.48,77.48,-69.36,94,100,0.7,GL,1603401108
163,Hobart,285.37,-42.88,147.33,76,40,2.6,AU,1603401103
164,Hermanus,290.37,-34.42,19.23,87,22,2.24,ZA,1603401117
165,Vila Velha,297.15,-20.33,-40.29,83,75,4.6,BR,1603401127
166,Smithers,271.15,54.78,-127.17,58,90,6.2,CA,1603401127
167,Itapora,304.96,-22.08,-54.79,39,47,3.99,BR,1603401109
168,Hilo,303.15,19.73,-155.09,58,1,4.1,US,1603401128
169,Tupik,264.45,54.43,119.93,93,0,0.68,RU,1603401128
170,Port Alfred,292.51,-33.59,26.89,91,0,5.8,ZA,1603401128
171,Riyadh,294.15,24.69,46.72,22,0,2.6,SA,1603401128
172,Provideniya,276.15,64.38,-173.3,69,40,7.0,RU,1603401109
173,Albany,293.71,42.6,-73.97,70,59,1.06,US,1603401008
174,Vaini,298.15,-21.2,-175.2,73,40,3.6,TO,1603401121
175,Mataura,288.71,-46.19,168.86,61,92,3.13,NZ,1603401107
176,Barrow,274.15,71.29,-156.79,97,90,5.1,US,1603401128
177,Sayán,298.01,-11.14,-77.19,43,19,3.7,PE,1603401129
178,Kovdor,273.35,67.57,30.48,98,100,6.71,RU,1603401129
179,Bandarbeyla,299.59,9.49,50.81,67,57,1.47,SO,1603400973
180,Vaini,298.15,-21.2,-175.2,73,40,3.6,TO,1603401121
181,Jamestown,294.15,42.1,-79.24,77,75,1.5,US,1603401108
182,Rikitea,296.71,-23.12,-134.97,79,100,6.46,PF,1603401108
183,Atuona,298.71,-9.8,-139.03,72,25,7.54,PF,1603401117
184,Bubaque,301.74,11.28,-15.83,79,0,4.27,GW,1603400835
185,Westport,294.26,41.14,-73.36,85,15,1.03,US,1603401125
186,Itatskiy,274.37,56.07,89.04,87,73,3.44,RU,1603401130
187,Yueyang,287.32,29.33,113.09,71,0,2.48,CN,1603401130
188,Phuket,302.04,8.0,98.25,94,20,2.91,TH,1603401130
189,Tiznit Province,289.98,29.58,-9.5,77,100,1.5,MA,1603401107
190,Bluff,288.71,-46.6,168.33,61,100,3.13,NZ,1603401109
191,Busselton,283.15,-33.65,115.33,66,0,4.57,AU,1603400865
192,Albany,293.71,42.6,-73.97,70,59,1.06,US,1603401008
193,Punta Arenas,285.15,-53.15,-70.92,50,0,6.7,CL,1603400814
194,Carnarvon,292.15,-24.87,113.63,88,0,6.7,AU,1603401066
195,Busselton,283.15,-33.65,115.33,66,0,4.57,AU,1603400865
196,Broken Hill,293.15,-31.95,141.43,56,97,3.1,AU,1603400824
197,Bredasdorp,291.15,-34.53,20.04,88,68,2.1,ZA,1603400969
198,Antsirabe,285.45,-19.85,47.03,77,7,2.77,MG,1603401131
199,Lüderitz,288.33,-26.65,15.16,82,0,3.95,NA,1603401131
200,Florida,301.15,28.75,-82.5,65,1,5.1,US,1603401123
201,Esperance,285.15,-33.87,121.9,100,90,4.22,AU,1603401131
202,Mataura,288.71,-46.19,168.86,61,92,3.13,NZ,1603401107
203,Nelson Bay,293.15,-32.72,152.15,88,75,2.6,AU,1603401131
204,Albany,293.71,42.6,-73.97,70,59,1.06,US,1603401008
205,Nikolskoye,282.59,59.7,30.79,93,90,3.0,RU,1603401116
206,Saint George,300.93,37.1,-113.58,14,1,4.45,US,1603401112
207,Severo-Yeniseyskiy,269.83,60.37,93.04,95,96,7.41,RU,1603401132
208,Ryōtsu-minato,291.15,38.08,138.43,85,100,6.49,JP,1603401132
209,Saint-Leu,295.15,-21.15,55.28,68,0,1.5,RE,1603401132
210,Kupang,299.03,-10.17,123.58,76,27,1.79,ID,1603401132
211,Chokurdakh,256.41,70.63,147.92,92,69,4.28,RU,1603401132
212,Vestmannaeyjar,279.87,63.44,-20.27,87,99,22.49,IS,1603401133
213,Makakilo City,301.15,21.35,-158.09,88,90,4.1,US,1603401095
214,San Cristobal,309.15,7.77,-72.22,30,20,9.3,VE,1603401133
215,Thompson,272.15,55.74,-97.86,54,90,5.7,CA,1603401127
216,Mar del Plata,285.93,-38.0,-57.56,100,90,6.7,AR,1603401133
217,Kismayo,299.73,-0.36,42.55,83,73,6.89,SO,1603401133
218,Shizunai-furukawachō,289.28,42.33,142.37,83,100,11.16,JP,1603401133
219,Liverpool,283.15,53.41,-2.98,71,40,3.1,GB,1603400934
220,Mataura,288.71,-46.19,168.86,61,92,3.13,NZ,1603401107
221,Ushuaia,282.15,-54.8,-68.3,57,40,10.3,AR,1603400964
222,Torbay,286.48,47.67,-52.73,71,75,12.3,CA,1603401124
223,Ushuaia,282.15,-54.8,-68.3,57,40,10.3,AR,1603400964
224,Rikitea,296.71,-23.12,-134.97,79,100,6.46,PF,1603401108
225,Busselton,283.15,-33.65,115.33,66,0,4.57,AU,1603400865
226,Bredasdorp,291.15,-34.53,20.04,88,68,2.1,ZA,1603400969
227,Hobart,285.37,-42.88,147.33,76,40,2.6,AU,1603401103
228,Carutapera,297.98,-1.2,-46.02,92,48,2.32,BR,1603401123
229,Tiksi,259.97,71.69,128.87,93,74,3.26,RU,1603400950
230,Barrow,274.15,71.29,-156.79,97,90,5.1,US,1603401128
231,Cape Town,290.93,-33.93,18.42,93,0,7.2,ZA,1603400782
232,San Pedro Buenavista,304.15,16.08,-93.12,74,75,2.6,MX,1603401135
233,Ferrol,288.15,43.48,-8.24,87,40,1.5,ES,1603401135
234,Jiayuguan City,276.55,39.82,98.3,60,0,0.97,CN,1603401135
235,Punta Arenas,285.15,-53.15,-70.92,50,0,6.7,CL,1603400814
236,Hilo,303.15,19.73,-155.09,58,1,4.1,US,1603401128
237,Avarua,298.15,-21.21,-159.78,83,99,6.2,CK,1603401111
238,Santa Cruz de la Sierra,307.15,-17.8,-63.17,44,20,7.2,BO,1603400877
239,San Quintín,294.22,30.48,-115.95,63,45,4.58,MX,1603401136
240,Bambous Virieux,295.15,-20.34,57.76,94,75,1.0,MU,1603401119
241,Santa Maria,297.37,-29.68,-53.81,71,81,5.43,BR,1603400468
242,New Norfolk,285.37,-42.78,147.06,88,31,1.29,AU,1603401114
243,Paka,297.15,4.64,103.44,100,99,1.3,MY,1603401136
244,Punta Arenas,285.15,-53.15,-70.92,50,0,6.7,CL,1603400814
245,Yelovo,270.12,57.05,54.92,93,0,2.38,RU,1603401136
246,Ushuaia,282.15,-54.8,-68.3,57,40,10.3,AR,1603400964
247,Cherskiy,264.68,68.75,161.3,93,100,1.31,RU,1603400976
248,Cape Town,290.93,-33.93,18.42,93,0,7.2,ZA,1603400782
249,Abu Dhabi,301.15,24.47,54.37,69,0,1.5,AE,1603401137
250,Yellowknife,269.82,62.46,-114.35,73,75,4.1,CA,1603401110
251,Ahipara,290.85,-35.17,173.17,85,74,3.14,NZ,1603401137
252,Ostrovnoy,272.27,68.05,39.51,95,100,6.07,RU,1603401137
253,Tasiilaq,276.15,65.61,-37.64,51,100,14.4,GL,1603401115
254,Adelaide,292.04,-34.93,138.6,72,0,2.6,AU,1603401109
255,Port Hedland,295.15,-20.32,118.57,88,94,4.6,AU,1603401138
256,Husavik,277.15,66.04,-17.34,69,75,3.1,IS,1603401123
257,Cape Coast,298.75,5.11,-1.25,88,5,4.46,GH,1603401138
258,Jamestown,294.15,42.1,-79.24,77,75,1.5,US,1603401108
259,Marrakesh,291.15,31.63,-8.01,77,75,2.1,MA,1603400981
260,Winnemucca,283.15,40.97,-117.74,25,1,3.1,US,1603401138
261,Laas,283.71,46.62,10.7,93,40,2.6,IT,1603401138
262,Bossangoa,295.39,6.49,17.46,91,100,0.59,CF,1603401138
263,Oudtshoorn,289.15,-33.59,22.2,100,24,0.5,ZA,1603401138
264,Ponta do Sol,292.15,32.67,-17.1,63,20,2.6,PT,1603401138
265,Hay River,270.15,60.82,-115.8,73,90,5.1,CA,1603401139
266,Kapaa,301.48,22.08,-159.32,69,40,5.1,US,1603401125
267,Maksatikha,280.26,57.8,35.88,95,100,4.04,RU,1603401139
268,Busselton,283.15,-33.65,115.33,66,0,4.57,AU,1603400865
269,Qaanaaq,265.48,77.48,-69.36,94,100,0.7,GL,1603401108
270,Port Lincoln,288.32,-34.73,135.87,92,100,9.98,AU,1603401139
271,Bambous Virieux,295.15,-20.34,57.76,94,75,1.0,MU,1603401119
272,Chokurdakh,256.41,70.63,147.92,92,69,4.28,RU,1603401132
273,Albany,293.71,42.6,-73.97,70,59,1.06,US,1603401008
274,Mataura,288.71,-46.19,168.86,61,92,3.13,NZ,1603401107
275,Ancud,288.15,-41.87,-73.82,54,0,3.1,CL,1603401113
276,Vaini,298.15,-21.2,-175.2,73,40,3.6,TO,1603401121
277,Flinders,290.93,-34.58,150.86,92,8,1.79,AU,1603401126
278,Ponta Delgada,289.15,37.73,-25.67,72,40,2.1,PT,1603401140
279,Cam Ranh,300.15,11.92,109.16,83,40,3.1,VN,1603401140
280,Rikitea,296.71,-23.12,-134.97,79,100,6.46,PF,1603401108
281,Albany,293.71,42.6,-73.97,70,59,1.06,US,1603401008
282,Mataura,288.71,-46.19,168.86,61,92,3.13,NZ,1603401107
283,Hermanus,290.37,-34.42,19.23,87,22,2.24,ZA,1603401117
284,Rikitea,296.71,-23.12,-134.97,79,100,6.46,PF,1603401108
285,Freeport,293.15,40.66,-73.58,88,90,1.5,US,1603400923
286,Deming,301.15,32.27,-107.76,15,1,6.7,US,1603401141
287,Vaitape,299.74,-16.52,-151.75,73,5,4.32,PF,1603401141
288,George Town,299.15,5.41,100.34,83,20,1.0,MY,1603401023
289,Punta Arenas,285.15,-53.15,-70.92,50,0,6.7,CL,1603400814
290,Nome,277.04,64.5,-165.41,69,1,4.1,US,1603401071
291,Paamiut,272.75,61.99,-49.67,84,0,13.24,GL,1603401142
292,Dikson,269.02,73.51,80.55,96,88,1.37,RU,1603401142
293,Rikitea,296.71,-23.12,-134.97,79,100,6.46,PF,1603401108
294,Puksoozero,271.55,62.59,40.61,96,100,4.54,RU,1603401142
295,Cape Town,290.93,-33.93,18.42,93,0,7.2,ZA,1603400782
296,Jamestown,294.15,42.1,-79.24,77,75,1.5,US,1603401108
297,Rikitea,296.71,-23.12,-134.97,79,100,6.46,PF,1603401108
298,Rikitea,296.71,-23.12,-134.97,79,100,6.46,PF,1603401108
299,Auki,300.64,-8.77,160.7,73,100,1.4,SB,1603401108
300,Mount Isa,295.15,-20.73,139.5,94,90,2.6,AU,1603401143
301,Ribeira Grande,290.15,38.52,-28.7,82,75,4.1,PT,1603401143
302,Hobart,285.37,-42.88,147.33,76,40,2.6,AU,1603401103
303,Punta Arenas,285.15,-53.15,-70.92,50,0,6.7,CL,1603400814
304,Albany,293.71,42.6,-73.97,70,59,1.06,US,1603401008
305,Aykhal,265.15,66.0,111.5,92,90,4.0,RU,1603401143
306,Balkhash,280.74,46.84,74.98,58,100,5.74,KZ,1603401143
307,Musoma,297.15,-1.5,33.8,78,40,2.29,TZ,1603401143
308,Ushuaia,282.15,-54.8,-68.3,57,40,10.3,AR,1603400964
309,Cayenne,303.15,4.93,-52.33,70,68,3.1,GF,1603400891
310,Kapaa,301.48,22.08,-159.32,69,40,5.1,US,1603401125
311,Bredasdorp,291.15,-34.53,20.04,88,68,2.1,ZA,1603400969
312,Oktyabr'skiy,270.53,54.48,53.47,96,16,2.49,RU,1603401144
313,Atuona,298.71,-9.8,-139.03,72,25,7.54,PF,1603401117
314,Ushuaia,282.15,-54.8,-68.3,57,40,10.3,AR,1603400964
315,Hilo,303.15,19.73,-155.09,58,1,4.1,US,1603401128
316,Khatanga,256.89,71.97,102.5,91,31,3.59,RU,1603400976
317,Novoseleznëvo,271.17,55.68,69.21,97,61,3.31,RU,1603401144
318,Castro,293.31,-24.79,-50.01,70,11,4.38,BR,1603401144
319,Chilca,292.15,-12.52,-76.74,72,75,5.1,PE,1603401144
320,Nanortalik,272.23,60.14,-45.24,84,0,7.21,GL,1603401145
321,Jamestown,294.15,42.1,-79.24,77,75,1.5,US,1603401108
322,Geraldton,283.15,-28.77,114.6,87,0,3.1,AU,1603401001
323,Nioro,301.15,13.35,-15.75,55,1,1.66,GM,1603401120
324,Deputatsky,255.15,69.3,139.9,89,0,0.94,RU,1603401080
325,Nome,277.04,64.5,-165.41,69,1,4.1,US,1603401071
326,Waingapu,298.98,-9.66,120.26,75,63,1.36,ID,1603401145
327,Morgan City,304.15,29.7,-91.21,62,20,4.1,US,1603401146
328,Necochea,288.15,-38.55,-58.74,79,89,4.92,AR,1603401146
329,Kapaa,301.48,22.08,-159.32,69,40,5.1,US,1603401125
330,Dikson,269.02,73.51,80.55,96,88,1.37,RU,1603401142
331,Zemio,294.92,5.03,25.14,92,100,0.36,CF,1603401146
332,Turukhansk,262.97,65.82,87.98,96,100,3.87,RU,1603401146
333,Ushuaia,282.15,-54.8,-68.3,57,40,10.3,AR,1603400964
334,Ajdabiya,293.42,30.76,20.23,57,0,4.54,LY,1603401146
335,Butaritari,300.73,3.07,172.79,79,39,6.28,KI,1603401127
336,Nanortalik,272.23,60.14,-45.24,84,0,7.21,GL,1603401145
337,Bluff,288.71,-46.6,168.33,61,100,3.13,NZ,1603401109
338,Cape Town,290.93,-33.93,18.42,93,0,7.2,ZA,1603400782
339,Tagusao,300.13,9.19,117.81,80,94,4.61,PH,1603401147
340,Hobart,285.37,-42.88,147.33,76,40,2.6,AU,1603401103
341,Albany,293.71,42.6,-73.97,70,59,1.06,US,1603401008
342,Inuvik,265.15,68.35,-133.72,85,90,2.1,CA,1603401148
343,Rikitea,296.71,-23.12,-134.97,79,100,6.46,PF,1603401108
344,Ciudad Guayana,304.69,8.35,-62.65,54,89,3.69,VE,1603401148
345,Ushuaia,282.15,-54.8,-68.3,57,40,10.3,AR,1603400964
346,New Norfolk,285.37,-42.78,147.06,88,31,1.29,AU,1603401114
347,Mataura,288.71,-46.19,168.86,61,92,3.13,NZ,1603401107
348,Khovd,274.56,48.01,91.64,72,19,1.14,MN,1603401148
349,Butaritari,300.73,3.07,172.79,79,39,6.28,KI,1603401127
350,Bluff,288.71,-46.6,168.33,61,100,3.13,NZ,1603401109
351,Cape Town,290.93,-33.93,18.42,93,0,7.2,ZA,1603400782
352,Hilo,303.15,19.73,-155.09,58,1,4.1,US,1603401128
353,Kavieng,301.28,-2.57,150.8,75,100,6.0,PG,1603401149
354,Ketchikan,279.15,55.34,-131.65,65,75,2.6,US,1603400378
355,Avarua,298.15,-21.21,-159.78,83,99,6.2,CK,1603401111
356,Kirovskiy,274.96,45.09,133.51,85,98,3.42,RU,1603401149
357,Faya,292.15,18.39,42.45,13,0,2.1,SA,1603401150
358,Bredasdorp,291.15,-34.53,20.04,88,68,2.1,ZA,1603400969
359,Sistranda,274.15,63.73,8.83,66,75,2.6,NO,1603401150
360,Cabo San Lucas,307.15,22.89,-109.91,59,5,5.1,MX,1603401063
361,Ushuaia,282.15,-54.8,-68.3,57,40,10.3,AR,1603400964
362,Bethel,295.15,41.37,-73.41,73,1,4.1,US,1603400939
363,Cowra,289.84,-33.83,148.68,78,79,1.64,AU,1603401150
364,Puerto Ayora,300.15,-0.74,-90.35,69,20,11.3,EC,1603401108
365,Avarua,298.15,-21.21,-159.78,83,99,6.2,CK,1603401111
366,Cape Town,290.93,-33.93,18.42,93,0,7.2,ZA,1603400782
367,Kālānwāli,292.68,29.85,74.95,25,0,1.39,IN,1603401150
368,Mairana,293.62,-18.12,-63.93,75,29,2.1,BO,1603401151
369,Puerto Ayora,300.15,-0.74,-90.35,69,20,11.3,EC,1603401108
370,Arraial do Cabo,297.15,-22.97,-42.03,64,20,6.7,BR,1603400981
371,Khasan,278.39,42.43,130.64,66,100,8.96,RU,1603401151
372,Atuona,298.71,-9.8,-139.03,72,25,7.54,PF,1603401117
373,Castro,293.31,-24.79,-50.01,70,11,4.38,BR,1603401144
374,Banikoara,300.32,11.3,2.44,27,0,1.24,BJ,1603401151
375,Ushuaia,282.15,-54.8,-68.3,57,40,10.3,AR,1603400964
376,Springbok,289.98,-29.66,17.89,51,71,1.09,ZA,1603401152
377,Maputo,296.15,-25.97,32.59,83,40,2.6,MZ,1603400945
378,Port Elizabeth,293.15,-33.92,25.57,94,4,5.1,ZA,1603401114
379,Albany,293.71,42.6,-73.97,70,59,1.06,US,1603401008
380,Coquimbo,287.15,-29.95,-71.34,76,75,5.1,CL,1603401152
381,Lata,287.59,40.16,-8.33,90,18,1.45,PT,1603401152
382,Albany,293.71,42.6,-73.97,70,59,1.06,US,1603401008
383,Mount Gambier,285.15,-37.83,140.77,93,90,2.6,AU,1603401126
384,Norman Wells,266.15,65.28,-126.83,92,40,2.1,CA,1603401152
385,Letpadan,296.45,17.78,95.75,96,100,1.89,MM,1603401153
386,Butaritari,300.73,3.07,172.79,79,39,6.28,KI,1603401127
387,Bluff,288.71,-46.6,168.33,61,100,3.13,NZ,1603401109
388,Pisco,293.15,-13.7,-76.22,68,0,11.3,PE,1603401153
389,Albany,293.71,42.6,-73.97,70,59,1.06,US,1603401008
390,Alekseyevka,283.33,50.63,38.69,64,99,4.69,RU,1603401153
391,Cape Town,290.93,-33.93,18.42,93,0,7.2,ZA,1603400782
392,Ushuaia,282.15,-54.8,-68.3,57,40,10.3,AR,1603400964
393,Kapaa,301.48,22.08,-159.32,69,40,5.1,US,1603401125
394,New Norfolk,285.37,-42.78,147.06,88,31,1.29,AU,1603401114
395,Plettenberg Bay,291.21,-34.05,23.37,81,0,3.25,ZA,1603401154
396,Ola,271.97,59.58,151.28,92,99,4.65,RU,1603401154
397,Saint-Pierre,295.15,-21.34,55.48,68,0,1.5,RE,1603401154
398,Hilo,303.15,19.73,-155.09,58,1,4.1,US,1603401128
399,Lebu,284.67,-37.62,-73.65,75,99,5.27,CL,1603401154
400,Albany,293.71,42.6,-73.97,70,59,1.06,US,1603401008
401,Kapaa,301.48,22.08,-159.32,69,40,5.1,US,1603401125
402,Tetiz,304.15,20.97,-89.93,70,75,4.1,MX,1603401155
403,Praia,300.15,14.92,-23.51,78,20,7.7,CV,1603401155
404,Eureka,293.71,40.8,-124.16,61,0,5.81,US,1603400879
405,Arraial do Cabo,297.15,-22.97,-42.03,64,20,6.7,BR,1603400981
406,Yumen,273.24,40.28,97.2,80,0,1.27,CN,1603401155
407,Hobart,285.37,-42.88,147.33,76,40,2.6,AU,1603401103
408,Naze,295.15,28.37,129.48,94,75,11.8,JP,1603401155
409,Abu Samrah,289.43,35.3,37.18,53,0,0.6,SY,1603401156
410,Castro,293.31,-24.79,-50.01,70,11,4.38,BR,1603401144
411,Ushuaia,282.15,-54.8,-68.3,57,40,10.3,AR,1603400964
412,Vila Franca do Campo,289.15,37.72,-25.43,72,40,2.1,PT,1603401156
413,Punta Arenas,285.15,-53.15,-70.92,50,0,6.7,CL,1603400814
414,Mossamedes,294.43,-15.2,12.15,83,71,1.69,AO,1603401156
415,Nhulunbuy,298.15,-12.23,136.77,94,40,2.6,AU,1603401156
416,Alugan,299.38,12.22,125.48,83,82,1.09,PH,1603401156
417,Albany,293.71,42.6,-73.97,70,59,1.06,US,1603401008
418,Hilo,303.15,19.73,-155.09,58,1,4.1,US,1603401128
419,Puerto Ayora,300.15,-0.74,-90.35,69,20,11.3,EC,1603401108
420,Hobart,285.37,-42.88,147.33,76,40,2.6,AU,1603401103
421,Mataura,288.71,-46.19,168.86,61,92,3.13,NZ,1603401107
422,Jamestown,294.15,42.1,-79.24,77,75,1.5,US,1603401108
423,Busselton,283.15,-33.65,115.33,66,0,4.57,AU,1603400865
424,Port Elizabeth,293.15,-33.92,25.57,94,4,5.1,ZA,1603401114
425,Vaini,298.15,-21.2,-175.2,73,40,3.6,TO,1603401121
426,Boyolangu,297.81,-8.12,111.89,88,73,1.08,ID,1603401157
427,Bela Vista,302.94,-22.11,-56.52,52,90,1.82,BR,1603401157
428,Bluff,288.71,-46.6,168.33,61,100,3.13,NZ,1603401109
429,Ulladulla,288.71,-35.35,150.47,100,0,4.6,AU,1603401157
430,Qaanaaq,265.48,77.48,-69.36,94,100,0.7,GL,1603401108
431,Hermanus,290.37,-34.42,19.23,87,22,2.24,ZA,1603401117
432,Punta Arenas,285.15,-53.15,-70.92,50,0,6.7,CL,1603400814
433,Kavieng,301.28,-2.57,150.8,75,100,6.0,PG,1603401149
434,Yeppoon,296.15,-23.13,150.73,78,40,3.1,AU,1603401158
435,Hilo,303.15,19.73,-155.09,58,1,4.1,US,1603401128
436,The Valley,304.15,18.22,-63.06,74,40,4.1,AI,1603401158
437,East London,293.83,-33.02,27.91,87,1,6.97,ZA,1603401158
438,Rikitea,296.71,-23.12,-134.97,79,100,6.46,PF,1603401108
439,Nikolskoye,282.59,59.7,30.79,93,90,3.0,RU,1603401116
440,Rikitea,296.71,-23.12,-134.97,79,100,6.46,PF,1603401108
441,Plastun,281.0,44.76,136.29,86,100,3.32,RU,1603401159
442,Rikitea,296.71,-23.12,-134.97,79,100,6.46,PF,1603401108
443,Jieshi,294.43,22.81,115.83,66,98,6.69,CN,1603401159
444,Salalah,299.15,17.02,54.09,65,0,2.6,OM,1603400996
445,Nome,277.04,64.5,-165.41,69,1,4.1,US,1603401071
446,Oodweyne,299.26,9.41,45.06,27,100,4.76,SO,1603401159
447,Ushuaia,282.15,-54.8,-68.3,57,40,10.3,AR,1603400964
448,Patan,291.15,27.67,85.33,93,75,1.0,NP,1603401160
449,East London,293.83,-33.02,27.91,87,1,6.97,ZA,1603401158
450,Faanui,299.25,-16.48,-151.75,75,5,4.4,PF,1603400994
451,Sovetskiy,267.75,61.36,63.58,93,80,2.83,RU,1603401160
452,Ushuaia,282.15,-54.8,-68.3,57,40,10.3,AR,1603400964
453,Barra de Tecoanapa,302.66,16.52,-98.75,68,85,3.82,MX,1603401160
454,Saint Paul Harbor,281.15,57.79,-152.41,75,90,11.8,US,1603400928
455,Hong Kong,294.82,22.29,114.16,46,100,5.81,HK,1603401111
456,Bluff,288.71,-46.6,168.33,61,100,3.13,NZ,1603401109
457,Hithadhoo,301.52,-0.6,73.08,75,13,7.03,MV,1603401161
458,Vaini,298.15,-21.2,-175.2,73,40,3.6,TO,1603401121
459,Bonthe,299.58,7.53,-12.51,84,100,2.38,SL,1603401161
460,Laguna de Perlas,302.15,12.34,-83.67,83,40,2.1,NI,1603401161
461,Tianpeng,289.82,30.99,103.94,1,0,0.91,CN,1603401161
462,La Paz,288.15,-16.5,-68.15,41,20,4.1,BO,1603401073
463,Nome,277.04,64.5,-165.41,69,1,4.1,US,1603401071
464,Aksarka,264.71,66.56,67.8,96,100,1.8,RU,1603401161
465,Karratha,291.81,-20.74,116.85,57,73,4.14,AU,1603401161
466,Port Moresby,298.17,-9.44,147.18,88,78,1.89,PG,1603401162
467,Avarua,298.15,-21.21,-159.78,83,99,6.2,CK,1603401111
468,Ushuaia,282.15,-54.8,-68.3,57,40,10.3,AR,1603400964
469,Hermanus,290.37,-34.42,19.23,87,22,2.24,ZA,1603401117
470,San Patricio,304.26,28.02,-97.52,70,75,5.1,US,1603401162
471,Punta Arenas,285.15,-53.15,-70.92,50,0,6.7,CL,1603400814
472,Touros,300.15,-5.2,-35.46,78,40,4.6,BR,1603400853
473,Esperance,285.15,-33.87,121.9,100,90,4.22,AU,1603401131
474,Khatanga,256.89,71.97,102.5,91,31,3.59,RU,1603400976
475,Hay River,270.15,60.82,-115.8,73,90,5.1,CA,1603401139
476,Muravlenko,264.32,63.79,74.52,97,100,4.83,RU,1603401163
477,Qaanaaq,265.48,77.48,-69.36,94,100,0.7,GL,1603401108
478,Eureka,293.71,40.8,-124.16,61,0,5.81,US,1603400879
479,Port Alfred,292.51,-33.59,26.89,91,0,5.8,ZA,1603401128
480,Upernavik,269.39,72.79,-56.15,97,100,4.1,GL,1603401079
481,Pochutla,304.82,15.74,-96.47,66,40,2.46,MX,1603401163
482,Yar-Sale,264.59,66.83,70.83,97,96,3.96,RU,1603401163
483,Cape Town,290.93,-33.93,18.42,93,0,7.2,ZA,1603400782
484,Hasaki,290.37,35.73,140.83,100,75,3.6,JP,1603401163
485,Atuona,298.71,-9.8,-139.03,72,25,7.54,PF,1603401117
486,Ushuaia,282.15,-54.8,-68.3,57,40,10.3,AR,1603400964
487,Nnewi,297.24,6.02,6.91,94,100,2.2,NG,1603401164
488,Thompson,272.15,55.74,-97.86,54,90,5.7,CA,1603401127
489,Mossamedes,294.43,-15.2,12.15,83,71,1.69,AO,1603401156
490,Rikitea,296.71,-23.12,-134.97,79,100,6.46,PF,1603401108
491,St. George's,303.15,12.06,-61.75,79,75,7.2,GD,1603401164
492,Hermanus,290.37,-34.42,19.23,87,22,2.24,ZA,1603401117
493,Kapiri Mposhi,296.03,-13.97,28.68,38,22,4.01,ZM,1603401165
494,Gunnedah,289.15,-30.98,150.25,87,0,3.1,AU,1603401165
495,Neryungri,257.64,56.67,124.65,92,44,0.42,RU,1603401165
496,Irecê,303.1,-11.3,-41.86,28,28,5.96,BR,1603401096
497,Port Alfred,292.51,-33.59,26.89,91,0,5.8,ZA,1603401128
498,Mataura,288.71,-46.19,168.86,61,92,3.13,NZ,1603401107
499,Navahrudak,283.27,53.6,25.83,94,20,4.9,BY,1603401165
500,Albany,293.71,42.6,-73.97,70,59,1.06,US,1603401008
501,Blagoveshchenka,277.65,52.83,79.87,69,81,6.7,RU,1603401166
502,Hermanus,290.37,-34.42,19.23,87,22,2.24,ZA,1603401117
503,Ketchikan,279.15,55.34,-131.65,65,75,2.6,US,1603400378
504,Fairbanks,269.82,64.84,-147.72,78,1,1.5,US,1603401099
505,Punta Arenas,285.15,-53.15,-70.92,50,0,6.7,CL,1603400814
506,San Gabriel,295.93,34.1,-118.11,56,75,2.79,US,1603401166
507,Hobart,285.37,-42.88,147.33,76,40,2.6,AU,1603401103
508,Phalodi,298.87,27.13,72.37,17,0,2.35,IN,1603401166
509,Harindānga,296.15,22.04,88.32,94,75,29.8,IN,1603401167
510,Cape Town,290.93,-33.93,18.42,93,0,7.2,ZA,1603400782
511,Baní,302.15,18.28,-70.33,79,75,4.1,DO,1603400987
512,Faanui,299.25,-16.48,-151.75,75,5,4.4,PF,1603400994
513,Ushuaia,282.15,-54.8,-68.3,57,40,10.3,AR,1603400964
514,Lebu,284.67,-37.62,-73.65,75,99,5.27,CL,1603401154
515,Hasaki,290.37,35.73,140.83,100,75,3.6,JP,1603401163
516,Hobart,285.37,-42.88,147.33,76,40,2.6,AU,1603401103
517,Ushuaia,282.15,-54.8,-68.3,57,40,10.3,AR,1603400964
518,Puerto Ayora,300.15,-0.74,-90.35,69,20,11.3,EC,1603401108
519,Marquette,276.48,46.53,-87.63,93,100,6.07,US,1603401053
520,Mabaruma,299.71,8.2,-59.78,80,100,1.76,GY,1603401167
521,Mataura,288.71,-46.19,168.86,61,92,3.13,NZ,1603401107
522,Rikitea,296.71,-23.12,-134.97,79,100,6.46,PF,1603401108
523,Avera,300.15,33.19,-82.53,61,75,3.1,US,1603401168
524,Saldanha,289.15,-33.01,17.94,77,56,4.1,ZA,1603400987
525,Hermanus,290.37,-34.42,19.23,87,22,2.24,ZA,1603401117
526,Roald,277.15,62.58,6.13,69,0,6.2,NO,1603401168
527,Amapá,305.05,1.0,-52.0,42,71,2.14,BR,1603401168
528,Tazovsky,260.15,67.47,78.7,96,91,4.37,RU,1603401168
529,Chimbote,292.78,-9.09,-78.58,73,28,4.41,PE,1603400894
530,Bambanglipuro,298.0,-7.95,110.28,87,3,2.0,ID,1603401169
531,East London,293.83,-33.02,27.91,87,1,6.97,ZA,1603401158
532,Peru,299.26,40.75,-86.07,78,75,6.7,US,1603401166
533,Bluff,288.71,-46.6,168.33,61,100,3.13,NZ,1603401109
534,Punta Arenas,285.15,-53.15,-70.92,50,0,6.7,CL,1603400814
535,Vaini,298.15,-21.2,-175.2,73,40,3.6,TO,1603401121
536,Ushuaia,282.15,-54.8,-68.3,57,40,10.3,AR,1603400964
537,Glens Falls,292.04,43.31,-73.64,63,90,0.81,US,1603401139
538,Albany,293.71,42.6,-73.97,70,59,1.06,US,1603401008
539,Den Helder,287.15,52.96,4.76,76,75,5.7,NL,1603401169
540,Punta Arenas,285.15,-53.15,-70.92,50,0,6.7,CL,1603400814
541,Lavrentiya,275.61,65.58,-171.0,84,0,3.33,RU,1603400994
542,Vestmannaeyjar,279.87,63.44,-20.27,87,99,22.49,IS,1603401133
543,Borogontsy,259.44,62.67,131.17,95,9,0.99,RU,1603401114
544,Bambous Virieux,295.15,-20.34,57.76,94,75,1.0,MU,1603401119
545,Qaanaaq,265.48,77.48,-69.36,94,100,0.7,GL,1603401108
546,Mgandu,292.35,-5.95,34.13,53,6,4.62,TZ,1603401170
547,Taber,266.15,49.82,-112.15,73,75,1.0,CA,1603400883
548,Saint-Philippe,295.15,-21.36,55.77,68,0,3.1,RE,1603400965
549,Kapaa,301.48,22.08,-159.32,69,40,5.1,US,1603401125
550,Lebu,284.67,-37.62,-73.65,75,99,5.27,CL,1603401154
551,Mataura,288.71,-46.19,168.86,61,92,3.13,NZ,1603401107
552,Santo Antônio do Leverger,307.15,-15.87,-56.08,36,40,5.1,BR,1603401171
553,Iqaluit,271.15,63.75,-68.51,86,75,1.5,CA,1603401171
554,Lerwick,276.15,60.15,-1.15,86,95,2.1,GB,1603401171
555,Hithadhoo,301.52,-0.6,73.08,75,13,7.03,MV,1603401161
556,Jamestown,294.15,42.1,-79.24,77,75,1.5,US,1603401108
557,Aliaga,298.15,15.52,120.87,100,75,3.1,PH,1603401171
558,Vila Velha,297.15,-20.33,-40.29,83,75,4.6,BR,1603401127
559,Hambantota,298.15,6.12,81.12,100,0,3.1,LK,1603401172
560,Pevek,271.65,69.7,170.31,96,0,8.01,RU,1603401106
561,New Norfolk,285.37,-42.78,147.06,88,31,1.29,AU,1603401114
562,Bochil,304.15,16.98,-92.92,74,75,2.6,MX,1603401172
563,Constitución,288.14,-35.33,-72.42,65,5,6.52,CL,1603401112
564,Bredasdorp,291.15,-34.53,20.04,88,68,2.1,ZA,1603400969
565,Urdoma,266.07,61.75,48.54,97,12,1.66,RU,1603401173
566,Aragarças,306.3,-15.9,-52.25,38,61,1.23,BR,1603401173
567,Mataura,288.71,-46.19,168.86,61,92,3.13,NZ,1603401107
568,Kahului,303.15,20.89,-156.47,51,1,3.6,US,1603401008
569,Hilo,303.15,19.73,-155.09,58,1,4.1,US,1603401128
570,Xingyi,279.14,24.19,102.82,73,76,1.25,CN,1603401173
571,Las Choapas,303.15,17.93,-94.08,70,90,5.01,MX,1603401173
572,Busselton,283.15,-33.65,115.33,66,0,4.57,AU,1603400865
573,Korem,285.47,12.51,39.52,59,28,0.9,ET,1603401174
574,Butaritari,300.73,3.07,172.79,79,39,6.28,KI,1603401127
575,Bethel,295.15,41.37,-73.41,73,1,4.1,US,1603400939
576,Butaritari,300.73,3.07,172.79,79,39,6.28,KI,1603401127
577,Rikitea,296.71,-23.12,-134.97,79,100,6.46,PF,1603401108
578,Hobart,285.37,-42.88,147.33,76,40,2.6,AU,1603401103
579,Imbituba,294.15,-28.24,-48.67,94,90,6.7,BR,1603401174
580,Butaritari,300.73,3.07,172.79,79,39,6.28,KI,1603401127
581,Okhotsk,277.06,59.38,143.3,92,100,15.11,RU,1603401174
582,Castro,293.31,-24.79,-50.01,70,11,4.38,BR,1603401144
583,Hermanus,290.37,-34.42,19.23,87,22,2.24,ZA,1603401117
584,Atuona,298.71,-9.8,-139.03,72,25,7.54,PF,1603401117
585,Marsá Maţrūḩ,296.15,31.35,27.25,49,0,0.22,EG,1603401175
586,Kloulklubed,299.15,7.04,134.26,88,90,2.6,PW,1603401104
587,Tessalit,304.03,20.2,1.01,12,0,5.55,ML,1603401175
588,Jamestown,294.15,42.1,-79.24,77,75,1.5,US,1603401108
589,Yima,285.37,34.74,111.88,99,0,1.72,CN,1603401175
590,Dābhol,297.41,17.6,73.17,90,98,1.33,IN,1603401175
591,Hashtrūd,284.04,37.48,47.05,46,0,0.33,IR,1603401176
592,Port Alfred,292.51,-33.59,26.89,91,0,5.8,ZA,1603401128
593,College,269.82,64.86,-147.8,78,20,2.1,US,1603400829
594,Sharan,270.83,54.82,54.0,96,74,3.16,RU,1603401176
595,Castro,293.31,-24.79,-50.01,70,11,4.38,BR,1603401144
596,Zvenigovo,270.15,55.97,48.02,92,0,3.0,RU,1603401176
597,Wanning,295.58,18.8,110.4,72,100,6.56,CN,1603401176
598,Bydgoszcz,287.15,53.12,18.01,82,0,4.1,PL,1603401176
599,George Town,299.15,5.41,100.34,83,20,1.0,MY,1603401023
600,Lorengau,300.83,-2.02,147.27,76,3,3.84,PG,1603401176
601,Punta Arenas,285.15,-53.15,-70.92,50,0,6.7,CL,1603400814
602,Gizo Government Station,300.87,-8.1,156.84,74,100,3.18,SB,1603401177
603,Tuatapere,288.71,-46.13,167.68,61,100,3.13,NZ,1603401109
604,Katsuura,290.37,35.13,140.3,88,75,5.1,JP,1603401177
605,Ponta do Sol,292.15,32.67,-17.1,63,20,2.6,PT,1603401138
606,Marevo,284.78,57.31,32.08,89,100,6.78,RU,1603401177
607,Olafsvik,278.67,64.89,-23.71,69,100,13.05,IS,1603401086
608,Ushuaia,282.15,-54.8,-68.3,57,40,10.3,AR,1603400964
609,Atasū,274.75,48.68,71.64,80,100,3.69,KZ,1603401018
610,Tongchuanshi,281.71,35.08,109.09,47,0,2.04,CN,1603401178
611,Tiébissou,298.15,7.16,-5.23,94,20,1.62,CI,1603401178
612,San Patricio,304.26,28.02,-97.52,70,75,5.1,US,1603401162
613,Diapaga,301.65,12.07,1.79,22,17,2.19,BF,1603401178
614,Mataura,288.71,-46.19,168.86,61,92,3.13,NZ,1603401107
615,Albany,293.71,42.6,-73.97,70,59,1.06,US,1603401008
616,Saldanha,289.15,-33.01,17.94,77,56,4.1,ZA,1603400987
617,Teya,271.53,60.38,92.63,93,98,6.48,RU,1603401179
618,Ancud,288.15,-41.87,-73.82,54,0,3.1,CL,1603401113
619,Saint George,300.93,37.1,-113.58,14,1,4.45,US,1603401112
620,Upernavik,269.39,72.79,-56.15,97,100,4.1,GL,1603401079
621,Bluff,288.71,-46.6,168.33,61,100,3.13,NZ,1603401109
622,Cape Town,290.93,-33.93,18.42,93,0,7.2,ZA,1603400782
623,Faanui,299.25,-16.48,-151.75,75,5,4.4,PF,1603400994
624,Bryan,304.82,30.67,-96.37,51,40,2.6,US,1603401179
625,Dikson,269.02,73.51,80.55,96,88,1.37,RU,1603401142
626,Amethī,296.39,26.15,81.82,50,11,1.45,IN,1603401180
627,Bathsheba,303.15,13.22,-59.52,70,75,6.7,BB,1603401180
628,Ushuaia,282.15,-54.8,-68.3,57,40,10.3,AR,1603400964
629,Bengkulu,297.68,-3.8,102.27,75,100,1.61,ID,1603401180
630,Constitución,288.14,-35.33,-72.42,65,5,6.52,CL,1603401112
631,Rikitea,296.71,-23.12,-134.97,79,100,6.46,PF,1603401108
632,Carutapera,297.98,-1.2,-46.02,92,48,2.32,BR,1603401123
633,Bluff,288.71,-46.6,168.33,61,100,3.13,NZ,1603401109
634,Ballina,292.59,-28.87,153.57,93,40,0.86,AU,1603401180
635,Tupanciretã,298.48,-29.08,-53.84,65,100,3.51,BR,1603401101
636,Klaksvík,278.15,62.23,-6.59,75,100,6.2,FO,1603401181
637,Busselton,283.15,-33.65,115.33,66,0,4.57,AU,1603400865
638,Busselton,283.15,-33.65,115.33,66,0,4.57,AU,1603400865
639,Hilo,303.15,19.73,-155.09,58,1,4.1,US,1603401128
640,Rikitea,296.71,-23.12,-134.97,79,100,6.46,PF,1603401108
641,Dikson,269.02,73.51,80.55,96,88,1.37,RU,1603401142
642,Hermanus,290.37,-34.42,19.23,87,22,2.24,ZA,1603401117
643,Albany,293.71,42.6,-73.97,70,59,1.06,US,1603401008
644,Vaini,298.15,-21.2,-175.2,73,40,3.6,TO,1603401121
645,Poya,298.42,-21.35,165.15,68,58,2.23,NC,1603401104
646,San Vicente,301.12,-26.62,-54.13,46,74,0.7,AR,1603401182
647,Castro,293.31,-24.79,-50.01,70,11,4.38,BR,1603401144
648,Scottsbluff,276.15,41.87,-103.67,69,90,7.2,US,1603401182
649,Ushuaia,282.15,-54.8,-68.3,57,40,10.3,AR,1603400964
650,Saint George,300.93,37.1,-113.58,14,1,4.45,US,1603401112
651,Broome,294.15,42.25,-75.83,73,1,3.1,US,1603401182
652,Murgab,286.15,37.5,61.97,50,90,2.1,TM,1603401183
653,Kapaa,301.48,22.08,-159.32,69,40,5.1,US,1603401125
654,Ushuaia,282.15,-54.8,-68.3,57,40,10.3,AR,1603400964
655,Yellowknife,269.82,62.46,-114.35,73,75,4.1,CA,1603401110
656,Ati,304.66,13.22,18.34,12,0,3.21,TD,1603401183
657,Hobart,285.37,-42.88,147.33,76,40,2.6,AU,1603401103
658,New Norfolk,285.37,-42.78,147.06,88,31,1.29,AU,1603401114
659,Busselton,283.15,-33.65,115.33,66,0,4.57,AU,1603400865
660,Tuktoyaktuk,268.15,69.45,-133.04,92,90,8.2,CA,1603401127
661,Bluff,288.71,-46.6,168.33,61,100,3.13,NZ,1603401109
662,Hermanus,290.37,-34.42,19.23,87,22,2.24,ZA,1603401117
663,Tuktoyaktuk,268.15,69.45,-133.04,92,90,8.2,CA,1603401127
664,Khatanga,256.89,71.97,102.5,91,31,3.59,RU,1603400976
665,Bluff,288.71,-46.6,168.33,61,100,3.13,NZ,1603401109
666,Tasiilaq,276.15,65.61,-37.64,51,100,14.4,GL,1603401115
667,Smithers,271.15,54.78,-127.17,58,90,6.2,CA,1603401127
668,Nuuk,270.15,64.18,-51.72,86,20,5.7,GL,1603401184
669,Nikolskoye,282.59,59.7,30.79,93,90,3.0,RU,1603401116
670,Puerto Ayora,300.15,-0.74,-90.35,69,20,11.3,EC,1603401108
671,Beira,298.15,-19.84,34.84,78,20,6.2,MZ,1603401185
672,Busselton,283.15,-33.65,115.33,66,0,4.57,AU,1603400865
673,Hambantota,298.15,6.12,81.12,100,0,3.1,LK,1603401172
674,Cape Town,290.93,-33.93,18.42,93,0,7.2,ZA,1603400782
675,Kapaa,301.48,22.08,-159.32,69,40,5.1,US,1603401125
676,Arraial do Cabo,297.15,-22.97,-42.03,64,20,6.7,BR,1603400981
677,Krasnovishersk,268.31,60.41,57.08,93,98,2.39,RU,1603401185
678,Muroto-misakicho,293.17,33.28,134.15,87,100,3.03,JP,1603401185
679,Rikitea,296.71,-23.12,-134.97,79,100,6.46,PF,1603401108
680,George Town,299.15,5.41,100.34,83,20,1.0,MY,1603401023
681,Tsiroanomandidy,294.74,-18.77,46.03,46,0,1.92,MG,1603401186
682,Butaritari,300.73,3.07,172.79,79,39,6.28,KI,1603401127
683,Preslav,285.92,43.17,26.82,62,0,0.84,BG,1603401186
684,Ushuaia,282.15,-54.8,-68.3,57,40,10.3,AR,1603400964
685,Tura,294.17,25.52,90.22,97,100,0.79,IN,1603401103
686,Enid,303.15,36.4,-97.88,48,1,13.4,US,1603401022
687,Alcúdia,293.71,39.85,3.12,82,0,1.0,ES,1603401186
688,Qaanaaq,265.48,77.48,-69.36,94,100,0.7,GL,1603401108
689,Barrow,274.15,71.29,-156.79,97,90,5.1,US,1603401128
690,Hermanus,290.37,-34.42,19.23,87,22,2.24,ZA,1603401117
691,Cape Town,290.93,-33.93,18.42,93,0,7.2,ZA,1603400782
692,Luanda,299.15,-8.84,13.23,78,20,5.1,AO,1603400827
693,Arraial do Cabo,297.15,-22.97,-42.03,64,20,6.7,BR,1603400981
694,Saiha,293.07,22.48,92.97,92,100,1.26,IN,1603401187
695,Busselton,283.15,-33.65,115.33,66,0,4.57,AU,1603400865
696,Nichinan,290.58,31.6,131.37,85,100,2.74,JP,1603401187
697,Lata,287.59,40.16,-8.33,90,18,1.45,PT,1603401152
698,Vila Franca do Campo,289.15,37.72,-25.43,72,40,2.1,PT,1603401156
699,Makakilo City,301.15,21.35,-158.09,88,90,4.1,US,1603401095
700,Senno,279.75,59.53,33.92,96,100,3.47,RU,1603401188
701,Cidreira,291.86,-30.18,-50.21,86,98,11.01,BR,1603401188
702,Kiryat Gat,296.15,31.61,34.76,69,0,2.1,IL,1603401188
703,Kamogawa,290.37,35.1,140.1,80,100,2.24,JP,1603401188
704,Ribeira Grande,290.15,38.52,-28.7,82,75,4.1,PT,1603401143
705,Ushuaia,282.15,-54.8,-68.3,57,40,10.3,AR,1603400964
706,Barrow,274.15,71.29,-156.79,97,90,5.1,US,1603401128
707,Punta Arenas,285.15,-53.15,-70.92,50,0,6.7,CL,1603400814
708,Terrace,276.15,54.52,-128.6,74,75,3.1,CA,1603401189
709,Ponta do Sol,292.15,32.67,-17.1,63,20,2.6,PT,1603401138
710,Dukat,263.32,62.55,155.55,88,25,2.55,RU,1603401189
711,Avarua,298.15,-21.21,-159.78,83,99,6.2,CK,1603401111
712,Itarema,300.01,-2.92,-39.92,79,82,7.22,BR,1603401189
713,Castro,293.31,-24.79,-50.01,70,11,4.38,BR,1603401144
714,Saint-Philippe,295.15,-21.36,55.77,68,0,3.1,RE,1603400965
715,Kavieng,301.28,-2.57,150.8,75,100,6.0,PG,1603401149
716,Anking,285.21,30.51,117.05,49,0,1.93,CN,1603401189
717,Belaya Gora,259.79,68.53,146.42,90,100,0.53,RU,1603401189
718,New Norfolk,285.37,-42.78,147.06,88,31,1.29,AU,1603401114
719,Yangi Marg`ilon,284.15,40.43,71.72,66,90,2.1,UZ,1603401190
720,Bokajān,295.27,26.02,93.78,96,100,0.23,IN,1603401190
721,Clyde River,262.15,70.47,-68.59,85,1,2.6,CA,1603401190
722,Yangi Marg`ilon,284.15,40.43,71.72,66,90,2.1,UZ,1603401190
723,Castro,293.31,-24.79,-50.01,70,11,4.38,BR,1603401144
724,Yellowknife,269.82,62.46,-114.35,73,75,4.1,CA,1603401110
725,Hermanus,290.37,-34.42,19.23,87,22,2.24,ZA,1603401117
726,Bud,299.26,39.45,-86.18,57,0,3.6,US,1603401191
727,Kapaa,301.48,22.08,-159.32,69,40,5.1,US,1603401125
728,Upernavik,269.39,72.79,-56.15,97,100,4.1,GL,1603401079
729,Tilichiki,273.28,60.47,166.1,96,46,1.93,RU,1603401191
730,Shimoda,288.15,34.67,138.95,94,100,0.45,JP,1603401191
731,Tual,301.02,-5.67,132.75,80,100,3.87,ID,1603401191
732,Thompson,272.15,55.74,-97.86,54,90,5.7,CA,1603401127
733,Ambilobe,296.28,-13.2,49.05,68,0,2.36,MG,1603401191
734,Ribeira Grande,290.15,38.52,-28.7,82,75,4.1,PT,1603401143
735,Kavieng,301.28,-2.57,150.8,75,100,6.0,PG,1603401149
736,Sørland,273.15,67.67,12.69,68,20,3.1,NO,1603401191
737,Yar-Sale,264.59,66.83,70.83,97,96,3.96,RU,1603401163
738,Bam,290.12,29.11,58.36,24,0,5.12,IR,1603401192
739,Norman Wells,266.15,65.28,-126.83,92,40,2.1,CA,1603401152
740,Amos,278.15,48.57,-78.12,86,90,2.1,CA,1603401192
741,Namatanai,300.67,-3.67,152.43,71,50,4.28,PG,1603401040
742,Vila Velha,297.15,-20.33,-40.29,83,75,4.6,BR,1603401127
743,Mar del Plata,285.93,-38.0,-57.56,100,90,6.7,AR,1603401133
744,Acapulco de Juárez,304.15,16.86,-99.89,74,40,3.1,MX,1603401193
745,Kapaa,301.48,22.08,-159.32,69,40,5.1,US,1603401125
746,Ushuaia,282.15,-54.8,-68.3,57,40,10.3,AR,1603400964
747,Sitka,277.15,57.05,-135.33,38,40,4.1,US,1603400969
748,São Filipe,300.38,14.9,-24.5,74,0,3.8,CV,1603401193
749,Ushuaia,282.15,-54.8,-68.3,57,40,10.3,AR,1603400964
750,Codrington,285.2,-38.27,141.97,96,100,1.57,AU,1603401193
751,Lakes Entrance,288.15,-37.88,147.98,94,70,1.72,AU,1603401193
752,Yellowknife,269.82,62.46,-114.35,73,75,4.1,CA,1603401110
753,Ushuaia,282.15,-54.8,-68.3,57,40,10.3,AR,1603400964
754,Port Macquarie,290.37,-31.43,152.92,100,90,2.1,AU,1603401162
755,Porto-Novo,300.15,6.5,2.6,88,40,4.6,BJ,1603401194
756,Port Alfred,292.51,-33.59,26.89,91,0,5.8,ZA,1603401128
757,Borogontsy,259.44,62.67,131.17,95,9,0.99,RU,1603401114
758,Dunedin,287.59,-45.87,170.5,75,85,1.79,NZ,1603401115
759,Ahipara,290.85,-35.17,173.17,85,74,3.14,NZ,1603401137
760,Sola,297.15,-13.88,167.55,94,90,2.6,VU,1603401195
761,Basco,300.16,20.45,121.97,83,100,15.7,PH,1603401195
762,Dwārka,300.99,22.24,68.97,63,0,4.52,IN,1603401195
763,Fes,289.15,34.04,-5.0,87,75,2.6,MA,1603401125
764,Yellowknife,269.82,62.46,-114.35,73,75,4.1,CA,1603401110
765,Airai,289.03,-8.93,125.41,100,62,0.54,TL,1603401108
766,Carambeí,293.03,-24.92,-50.1,68,32,4.19,BR,1603401195
767,Nanortalik,272.23,60.14,-45.24,84,0,7.21,GL,1603401145
768,Tuktoyaktuk,268.15,69.45,-133.04,92,90,8.2,CA,1603401127
769,New Norfolk,285.37,-42.78,147.06,88,31,1.29,AU,1603401114
770,Mataura,288.71,-46.19,168.86,61,92,3.13,NZ,1603401107
771,Ushuaia,282.15,-54.8,-68.3,57,40,10.3,AR,1603400964
772,Palmer,299.15,42.16,-72.33,50,20,2.1,US,1603401078
773,Praia da Vitória,291.15,38.73,-27.07,93,75,4.03,PT,1603401117
774,Evensk,275.02,61.95,159.23,87,74,1.0,RU,1603401196
775,Ayagoz,276.45,47.97,80.44,76,100,3.59,KZ,1603401196
776,Borovoy,272.15,55.43,86.08,92,0,3.0,RU,1603401196
777,Ponta do Sol,292.15,32.67,-17.1,63,20,2.6,PT,1603401138
778,Yar-Sale,264.59,66.83,70.83,97,96,3.96,RU,1603401163
779,Flinders,290.93,-34.58,150.86,92,8,1.79,AU,1603401126
780,Mataura,288.71,-46.19,168.86,61,92,3.13,NZ,1603401107
781,Yuci,271.15,37.68,112.73,79,0,1.0,CN,1603401197
782,The Valley,304.15,18.22,-63.06,74,40,4.1,AI,1603401158
783,Mount Gambier,285.15,-37.83,140.77,93,90,2.6,AU,1603401126
784,Poirino,286.48,44.92,7.85,93,75,0.63,IT,1603401197
785,Laas,283.71,46.62,10.7,93,40,2.6,IT,1603401138
786,Vila Franca do Campo,289.15,37.72,-25.43,72,40,2.1,PT,1603401156
787,Yellowknife,269.82,62.46,-114.35,73,75,4.1,CA,1603401110
788,Nikolskoye,282.59,59.7,30.79,93,90,3.0,RU,1603401116
789,Casper,267.59,42.87,-106.31,85,90,6.7,US,1603400963
790,Rikitea,296.71,-23.12,-134.97,79,100,6.46,PF,1603401108
791,Kingsport,301.15,36.55,-82.56,37,40,1.5,US,1603401198
792,Batagay-Alyta,257.38,67.8,130.41,84,0,1.06,RU,1603401198
793,Saint-Philippe,295.15,-21.36,55.77,68,0,3.1,RE,1603400965
794,Hobart,285.37,-42.88,147.33,76,40,2.6,AU,1603401103
795,Porto-Novo,300.15,6.5,2.6,88,40,4.6,BJ,1603401194
796,Rikitea,296.71,-23.12,-134.97,79,100,6.46,PF,1603401108
797,Punta Arenas,285.15,-53.15,-70.92,50,0,6.7,CL,1603400814
798,Provideniya,276.15,64.38,-173.3,69,40,7.0,RU,1603401109
799,Mataura,288.71,-46.19,168.86,61,92,3.13,NZ,1603401107
800,Geraldton,283.15,-28.77,114.6,87,0,3.1,AU,1603401001
801,Vostok,272.05,46.49,135.88,99,100,0.98,RU,1603401199
802,Saint George,300.93,37.1,-113.58,14,1,4.45,US,1603401112
803,Hithadhoo,301.52,-0.6,73.08,75,13,7.03,MV,1603401161
804,Khatanga,256.89,71.97,102.5,91,31,3.59,RU,1603400976
805,Busselton,283.15,-33.65,115.33,66,0,4.57,AU,1603400865
806,Hermanus,290.37,-34.42,19.23,87,22,2.24,ZA,1603401117
807,Carnarvon,292.15,-24.87,113.63,88,0,6.7,AU,1603401066
808,Punta Arenas,285.15,-53.15,-70.92,50,0,6.7,CL,1603400814
809,Rikitea,296.71,-23.12,-134.97,79,100,6.46,PF,1603401108
810,Kavieng,301.28,-2.57,150.8,75,100,6.0,PG,1603401149
811,Atambua,296.65,-9.11,124.89,83,42,0.51,ID,1603401153
812,Constantine,295.15,36.37,6.61,33,40,1.0,DZ,1603400976
813,Collie,283.15,-33.37,116.15,66,0,2.33,AU,1603401200
814,Muros,287.04,42.78,-9.06,92,26,1.34,ES,1603401201
815,Mossamedes,294.43,-15.2,12.15,83,71,1.69,AO,1603401156
816,Iqaluit,271.15,63.75,-68.51,86,75,1.5,CA,1603401171
817,Lebu,284.67,-37.62,-73.65,75,99,5.27,CL,1603401154
818,Cidreira,291.86,-30.18,-50.21,86,98,11.01,BR,1603401188
819,Punta Arenas,285.15,-53.15,-70.92,50,0,6.7,CL,1603400814
820,Kruisfontein,289.82,-34.0,24.73,88,0,0.45,ZA,1603401119
821,Lichtenfels,289.26,50.15,11.06,72,99,0.45,DE,1603401201
822,Krymsk,283.15,44.93,37.99,87,40,3.0,RU,1603401201
823,Naliya,299.79,23.27,68.83,63,0,3.81,IN,1603401201
824,Rikitea,296.71,-23.12,-134.97,79,100,6.46,PF,1603401108
825,Punta Arenas,285.15,-53.15,-70.92,50,0,6.7,CL,1603400814
826,Qaanaaq,265.48,77.48,-69.36,94,100,0.7,GL,1603401108
827,Margate,284.26,51.38,1.39,88,0,0.45,GB,1603401202
828,Pleasanton,300.37,37.66,-121.87,10,20,5.7,US,1603401202
829,Vaini,298.15,-21.2,-175.2,73,40,3.6,TO,1603401121
830,Payakumbuh,294.68,-0.22,100.63,78,100,1.09,ID,1603401202
831,Chiusi,287.59,43.02,11.95,83,100,1.31,IT,1603401202
832,Kapaa,301.48,22.08,-159.32,69,40,5.1,US,1603401125
833,Victor Harbor,288.71,-35.57,138.62,88,100,0.45,AU,1603401203
834,Talnakh,259.15,69.49,88.4,84,40,6.0,RU,1603401203
835,Punta Arenas,285.15,-53.15,-70.92,50,0,6.7,CL,1603400814
836,Martapura,296.91,-3.42,114.85,91,92,0.54,ID,1603401113
837,Lagoa,291.43,39.05,-27.98,71,21,5.0,PT,1603401203
838,Springfield,302.15,37.22,-93.3,42,1,8.7,US,1603401203
839,Rikitea,296.71,-23.12,-134.97,79,100,6.46,PF,1603401108
840,Albany,293.71,42.6,-73.97,70,59,1.06,US,1603401008
841,Punta Arenas,285.15,-53.15,-70.92,50,0,6.7,CL,1603400814
842,Anadyr,276.15,64.75,177.48,69,75,2.0,RU,1603401203
843,Viedma,295.47,-40.81,-63.0,44,14,6.31,AR,1603401017
844,Tuktoyaktuk,268.15,69.45,-133.04,92,90,8.2,CA,1603401127
845,Hobart,285.37,-42.88,147.33,76,40,2.6,AU,1603401103
846,Portland,286.48,45.52,-122.68,61,31,0.89,US,1603401200
847,Verāval,300.65,20.9,70.37,67,0,4.65,IN,1603401204
848,Kapaa,301.48,22.08,-159.32,69,40,5.1,US,1603401125
849,Mataura,288.71,-46.19,168.86,61,92,3.13,NZ,1603401107
850,Severo-Kuril'sk,279.26,50.68,156.12,81,96,4.62,RU,1603401183
851,Havre-St-Pierre,278.15,50.23,-63.6,60,75,3.6,CA,1603401205
852,Moerai,295.43,-22.43,-151.33,84,92,9.12,PF,1603401205
853,Bria,293.83,6.54,21.99,95,98,0.74,CF,1603401205
854,Ribeira Grande,290.15,38.52,-28.7,82,75,4.1,PT,1603401143
855,Blackfoot,279.26,43.19,-112.34,26,20,4.6,US,1603401205
856,Grindavik,279.15,63.84,-22.43,75,90,12.3,IS,1603401119
857,Kabanjahe,298.15,3.1,98.49,100,40,1.0,ID,1603401205
858,Alofi,299.15,-19.06,-169.92,88,75,5.1,NU,1603401205
859,Leh,274.51,34.17,77.58,64,0,1.21,IN,1603401206
860,Busselton,283.15,-33.65,115.33,66,0,4.57,AU,1603400865
861,Jamestown,294.15,42.1,-79.24,77,75,1.5,US,1603401108
862,Assiut,300.15,27.18,31.18,42,0,3.6,EG,1603401206
863,Hurghada,299.15,27.26,33.81,54,0,3.6,EG,1603401206
864,Laas,283.71,46.62,10.7,93,40,2.6,IT,1603401138
865,Meulaboh,298.12,4.14,96.13,85,100,2.06,ID,1603400832
866,Jamestown,294.15,42.1,-79.24,77,75,1.5,US,1603401108
867,Lorengau,300.83,-2.02,147.27,76,3,3.84,PG,1603401176
868,Faya,292.15,18.39,42.45,13,0,2.1,SA,1603401150
869,Jamestown,294.15,42.1,-79.24,77,75,1.5,US,1603401108
870,Rikitea,296.71,-23.12,-134.97,79,100,6.46,PF,1603401108
871,Piaçabuçu,298.45,-10.41,-36.43,81,33,4.52,BR,1603401207
872,Castro,293.31,-24.79,-50.01,70,11,4.38,BR,1603401144
873,Katsuura,290.37,35.13,140.3,88,75,5.1,JP,1603401177
874,Tignère,293.14,7.37,12.65,73,55,0.38,CM,1603401070
875,Chui,288.88,-33.7,-53.46,85,100,6.62,UY,1603401119
876,Ndélé,295.37,8.41,20.65,88,100,1.02,CF,1603401207
877,Nuevitas,303.15,21.55,-77.26,70,40,2.6,CU,1603401208
878,Ushuaia,282.15,-54.8,-68.3,57,40,10.3,AR,1603400964
879,Bluff,288.71,-46.6,168.33,61,100,3.13,NZ,1603401109
880,Sehithwa,300.82,-20.47,22.72,24,0,5.5,BW,1603401208
881,Sinnamary,301.4,5.38,-52.95,77,99,5.07,GF,1603401208
882,New Norfolk,285.37,-42.78,147.06,88,31,1.29,AU,1603401114
883,Thompson,272.15,55.74,-97.86,54,90,5.7,CA,1603401127
884,Port Hardy,280.15,50.7,-127.42,81,75,2.1,CA,1603401208
885,Praia,300.15,14.92,-23.51,78,20,7.7,CV,1603401209
886,Krasnorechenskiy,276.23,44.63,135.35,89,100,2.75,RU,1603401209
887,Torbay,286.48,47.67,-52.73,71,75,12.3,CA,1603401124
888,Rikitea,296.71,-23.12,-134.97,79,100,6.46,PF,1603401108
889,Albany,293.71,42.6,-73.97,70,59,1.06,US,1603401008
890,Mataura,288.71,-46.19,168.86,61,92,3.13,NZ,1603401107
891,Haines Junction,268.94,60.75,-137.51,79,0,1.12,CA,1603401209
892,Cape Town,290.93,-33.93,18.42,93,0,7.2,ZA,1603400782
893,Hołoby,285.93,51.09,25.01,89,79,5.81,UA,1603401209
894,Husavik,277.15,66.04,-17.34,69,75,3.1,IS,1603401123
895,Kapaa,301.48,22.08,-159.32,69,40,5.1,US,1603401125
896,Hilo,303.15,19.73,-155.09,58,1,4.1,US,1603401128
897,Castro,293.31,-24.79,-50.01,70,11,4.38,BR,1603401144
898,Adrian,290.15,41.9,-84.04,82,40,1.5,US,1603401210
899,Cabo San Lucas,307.15,22.89,-109.91,59,5,5.1,MX,1603401063
900,Vao,296.33,-22.67,167.48,87,100,7.09,NC,1603401210
901,Busselton,283.15,-33.65,115.33,66,0,4.57,AU,1603400865
902,Praia,300.15,14.92,-23.51,78,20,7.7,CV,1603401209
903,Kysyl-Syr,262.95,63.9,122.76,95,31,3.55,RU,1603401182
904,Katsuura,290.37,35.13,140.3,88,75,5.1,JP,1603401177
905,Albany,293.71,42.6,-73.97,70,59,1.06,US,1603401008
906,Mataura,288.71,-46.19,168.86,61,92,3.13,NZ,1603401107
907,Mar del Plata,285.93,-38.0,-57.56,100,90,6.7,AR,1603401133
908,Albany,293.71,42.6,-73.97,70,59,1.06,US,1603401008
909,Puerto Ayora,300.15,-0.74,-90.35,69,20,11.3,EC,1603401108
910,Bambous Virieux,295.15,-20.34,57.76,94,75,1.0,MU,1603401119
911,Hobart,285.37,-42.88,147.33,76,40,2.6,AU,1603401103
912,Khatanga,256.89,71.97,102.5,91,31,3.59,RU,1603400976
